     -100.0000000000        0.0000000000
      -99.2000000000        0.0000000000
      -98.4000000000        0.0000000000
      -97.6000000000        0.0000000000
      -96.8000000000        0.0000000000
      -96.0000000000        0.0000000000
      -95.2000000000        0.0000000000
      -94.4000000000        0.0000000000
      -93.6000000000        0.0000000000
      -92.8000000000        0.0000000000
      -92.0000000000        0.0000000000
      -91.2000000000        0.0000000000
      -90.4000000000        0.0000000000
      -89.6000000000        0.0000000000
      -88.8000000000        0.0000000000
      -88.0000000000        0.0000000000
      -87.2000000000        0.0000000000
      -86.4000000000        0.0000000000
      -85.6000000000        0.0000000000
      -84.8000000000        0.0000000000
      -84.0000000000        0.0000000000
      -83.2000000000        0.0000000000
      -82.4000000000        0.0000000000
      -81.6000000000        0.0000000000
      -80.8000000000        0.0000000000
      -80.0000000000        0.0000000000
      -79.2000000000        0.0000000000
      -78.4000000000        0.0000000000
      -77.6000000000        0.0000000000
      -76.8000000000        0.0000000000
      -76.0000000000        0.0000000000
      -75.2000000000        0.0000000000
      -74.4000000000        0.0000000000
      -73.6000000000        0.0000000000
      -72.8000000000        0.0000000000
      -72.0000000000        0.0000000000
      -71.2000000000        0.0000000000
      -70.4000000000        0.0000000000
      -69.6000000000        0.0000000000
      -68.8000000000        0.0000000000
      -68.0000000000        0.0000000000
      -67.2000000000        0.0000000000
      -66.4000000000        0.0000000000
      -65.6000000000        0.0000000000
      -64.8000000000        0.0000000000
      -64.0000000000        0.0000000000
      -63.2000000000        0.0000000000
      -62.4000000000        0.0000000000
      -61.6000000000        0.0000000000
      -60.8000000000        0.0000000000
      -60.0000000000        0.0000000000
      -59.2000000000        0.0000000000
      -58.4000000000        0.0000000000
      -57.6000000000        0.0000000000
      -56.8000000000        0.0000000000
      -56.0000000000        0.0000000000
      -55.2000000000        0.0000000000
      -54.4000000000        0.0000000000
      -53.6000000000        0.0000000000
      -52.8000000000        0.0000000000
      -52.0000000000        0.0000000000
      -51.2000000000        0.0000000000
      -50.4000000000        0.0000000000
      -49.6000000000        0.0000000000
      -48.8000000000        0.0000000000
      -48.0000000000        0.0000000000
      -47.2000000000        0.0000000000
      -46.4000000000        0.0000000000
      -45.6000000000        0.0000000000
      -44.8000000000        0.0000000000
      -44.0000000000        0.0000000000
      -43.2000000000        0.0000000000
      -42.4000000000        0.0000000000
      -41.6000000000        0.0000000000
      -40.8000000000        0.0000000000
      -40.0000000000        0.0000000000
      -39.2000000000        0.0000000000
      -38.4000000000        0.0000000000
      -37.6000000000        0.0000000000
      -36.8000000000        0.0000000000
      -36.0000000000        0.0000000000
      -35.2000000000        0.0000000000
      -34.4000000000        0.0000000000
      -33.6000000000        0.0000000000
      -32.8000000000        0.0000000000
      -32.0000000000        0.0000000000
      -31.2000000000        0.0000000000
      -30.4000000000        0.0000000000
      -29.6000000000        0.0000000000
      -28.8000000000        0.0000000000
      -28.0000000000        0.0000000000
      -27.2000000000        0.0000000000
      -26.4000000000        0.0000000000
      -25.6000000000        0.0000000000
      -24.8000000000        0.0000000000
      -24.0000000000        0.0000000000
      -23.2000000000        0.0000000000
      -22.4000000000        0.0000000000
      -21.6000000000        0.0000000000
      -20.8000000000        0.0000000000
      -20.0000000000        0.0000000000
      -19.2000000000        0.0000000000
      -18.4000000000        0.0000000000
      -17.6000000000        0.0000000000
      -16.8000000000        0.0000000000
      -16.0000000000        0.0000000000
      -15.2000000000        0.0000000000
      -14.4000000000        0.0000000000
      -13.6000000000        0.0000000000
      -12.8000000000        0.0000000000
      -12.0000000000        0.0000000000
      -11.2000000000        0.0000000000
      -10.4000000000        0.0000000000
       -9.6000000000        0.0000000000
       -8.8000000000        0.0000000000
       -8.0000000000        0.0000000000
       -7.2000000000        0.0000000000
       -6.4000000000        0.0000000000
       -5.6000000000        0.0000000000
       -4.8000000000        0.0000000000
       -4.0000000000        0.0000000000
       -3.2000000000        0.0000000006
       -2.4000000000        0.0000000496
       -1.6000000000        0.0000012168
       -0.8000000000        0.0000083001
        0.0000000000        0.0000157409
        0.8000000000        0.0000083036
        1.6000000000        0.0000015270
        2.4000000000        0.0000079496
        3.2000000000        0.0000602757
        4.0000000000        0.0001453266
        4.8000000000        0.0001492580
        5.6000000000        0.0001500772
        6.4000000000        0.0002309028
        7.2000000000        0.0004059135
        8.0000000000        0.0004686994
        8.8000000000        0.0004500625
        9.6000000000        0.0004940988
       10.4000000000        0.0007996088
       11.2000000000        0.0010485280
       12.0000000000        0.0010168427
       12.8000000000        0.0010834636
       13.6000000000        0.0014363686
       14.4000000000        0.0016805827
       15.2000000000        0.0018137493
       16.0000000000        0.0022666876
       16.8000000000        0.0025543857
       17.6000000000        0.0027205300
       18.4000000000        0.0033479249
       19.2000000000        0.0036090665
       20.0000000000        0.0043657164
       20.8000000000        0.0050628925
       21.6000000000        0.0058052876
       22.4000000000        0.0067118057
       23.2000000000        0.0074624147
       24.0000000000        0.0089519895
       24.8000000000        0.0101359542
       25.6000000000        0.0114594223
       26.4000000000        0.0121269567
       27.2000000000        0.0132549659
       28.0000000000        0.0146069966
       28.8000000000        0.0156423726
       29.6000000000        0.0166367821
       30.4000000000        0.0175847231
       31.2000000000        0.0190478222
       32.0000000000        0.0200125449
       32.8000000000        0.0211233646
       33.6000000000        0.0223397602
       34.4000000000        0.0238377856
       35.2000000000        0.0251887081
       36.0000000000        0.0264420224
       36.8000000000        0.0275341083
       37.6000000000        0.0290458089
       38.4000000000        0.0308441533
       39.2000000000        0.0321136562
       40.0000000000        0.0331940952
       40.8000000000        0.0348741168
       41.6000000000        0.0360265999
       42.4000000000        0.0377822117
       43.2000000000        0.0398551209
       44.0000000000        0.0418928980
       44.8000000000        0.0458032580
       45.6000000000        0.0506258017
       46.4000000000        0.0563933460
       47.2000000000        0.0625548823
       48.0000000000        0.0689552156
       48.8000000000        0.0732406174
       49.6000000000        0.0761158587
       50.4000000000        0.0803230095
       51.2000000000        0.0817333395
       52.0000000000        0.0848585065
       52.8000000000        0.0893945382
       53.6000000000        0.0944062263
       54.4000000000        0.0988726651
       55.2000000000        0.1048865009
       56.0000000000        0.1174431167
       56.8000000000        0.1398897497
       57.6000000000        0.1951248146
       58.4000000000        0.2427858038
       59.2000000000        0.2366928751
       60.0000000000        0.2119476442
       60.8000000000        0.1778774318
       61.6000000000        0.1471688408
       62.4000000000        0.1304049558
       63.2000000000        0.1203525729
       64.0000000000        0.1128340955
       64.8000000000        0.1067436423
       65.6000000000        0.1042464481
       66.4000000000        0.1022379900
       67.2000000000        0.0982334698
       68.0000000000        0.0952683082
       68.8000000000        0.0942337670
       69.6000000000        0.0945656502
       70.4000000000        0.0930674350
       71.2000000000        0.0913422918
       72.0000000000        0.0912155458
       72.8000000000        0.0915270044
       73.6000000000        0.0911060238
       74.4000000000        0.0915115351
       75.2000000000        0.0919644156
       76.0000000000        0.0930456385
       76.8000000000        0.0926202104
       77.6000000000        0.0941782220
       78.4000000000        0.0962003253
       79.2000000000        0.0978856399
       80.0000000000        0.0959470800
       80.8000000000        0.0948990477
       81.6000000000        0.0939829221
       82.4000000000        0.0940579626
       83.2000000000        0.0981269410
       84.0000000000        0.0991314266
       84.8000000000        0.0941106052
       85.6000000000        0.0868106310
       86.4000000000        0.0838895762
       87.2000000000        0.0878874501
       88.0000000000        0.0940950344
       88.8000000000        0.1011391597
       89.6000000000        0.1119097518
       90.4000000000        0.1257943053
       91.2000000000        0.1463350877
       92.0000000000        0.1723020715
       92.8000000000        0.2023465548
       93.6000000000        0.2264714502
       94.4000000000        0.2196725807
       95.2000000000        0.1953105211
       96.0000000000        0.1745306321
       96.8000000000        0.1653766363
       97.6000000000        0.1680585940
       98.4000000000        0.1782835799
       99.2000000000        0.1973093395
      100.0000000000        0.2237050431
      100.8000000000        0.2406751710
      101.6000000000        0.2408969234
      102.4000000000        0.2313101099
      103.2000000000        0.2173165289
      104.0000000000        0.2115234402
      104.8000000000        0.2134455222
      105.6000000000        0.2089520377
      106.4000000000        0.1986965022
      107.2000000000        0.1881981102
      108.0000000000        0.1745826208
      108.8000000000        0.1611607413
      109.6000000000        0.1551189866
      110.4000000000        0.1581513225
      111.2000000000        0.1668686818
      112.0000000000        0.1686969555
      112.8000000000        0.1508579861
      113.6000000000        0.1309063721
      114.4000000000        0.1252930076
      115.2000000000        0.1280945515
      116.0000000000        0.1267690718
      116.8000000000        0.1165862155
      117.6000000000        0.1085702702
      118.4000000000        0.1111149635
      119.2000000000        0.1131037192
      120.0000000000        0.1086577811
      120.8000000000        0.1085434914
      121.6000000000        0.1105149101
      122.4000000000        0.1018804656
      123.2000000000        0.0859012190
      124.0000000000        0.0750880319
      124.8000000000        0.0723782004
      125.6000000000        0.0718253041
      126.4000000000        0.0722900168
      127.2000000000        0.0742121869
      128.0000000000        0.0744921299
      128.8000000000        0.0757786396
      129.6000000000        0.0775898635
      130.4000000000        0.0787445508
      131.2000000000        0.0819736371
      132.0000000000        0.0844905809
      132.8000000000        0.0875339042
      133.6000000000        0.0804388422
      134.4000000000        0.0646554753
      135.2000000000        0.0525955211
      136.0000000000        0.0439852628
      136.8000000000        0.0368807292
      137.6000000000        0.0319375443
      138.4000000000        0.0276594709
      139.2000000000        0.0240584184
      140.0000000000        0.0214482323
      140.8000000000        0.0190782630
      141.6000000000        0.0168046797
      142.4000000000        0.0151344765
      143.2000000000        0.0131771381
      144.0000000000        0.0116029048
      144.8000000000        0.0098698460
      145.6000000000        0.0081791942
      146.4000000000        0.0062444351
      147.2000000000        0.0038893614
      148.0000000000        0.0015064970
      148.8000000000        0.0002679711
      149.6000000000        0.0000176450
      150.4000000000        0.0000003819
      151.2000000000        0.0000000025
      152.0000000000        0.0000000000
      152.8000000000        0.0000000000
      153.6000000000        0.0000000000
      154.4000000000        0.0000000000
      155.2000000000        0.0000000000
      156.0000000000        0.0000000000
      156.8000000000        0.0000000000
      157.6000000000        0.0000000000
      158.4000000000        0.0000000000
      159.2000000000        0.0000000000
      160.0000000000        0.0000000000
      160.8000000000        0.0000000000
      161.6000000000        0.0000000000
      162.4000000000        0.0000000000
      163.2000000000        0.0000000000
      164.0000000000        0.0000000000
      164.8000000000        0.0000000000
      165.6000000000        0.0000000000
      166.4000000000        0.0000000000
      167.2000000000        0.0000000000
      168.0000000000        0.0000000000
      168.8000000000        0.0000000000
      169.6000000000        0.0000000000
      170.4000000000        0.0000000000
      171.2000000000        0.0000000000
      172.0000000000        0.0000000000
      172.8000000000        0.0000000000
      173.6000000000        0.0000000000
      174.4000000000        0.0000000000
      175.2000000000        0.0000000000
      176.0000000000        0.0000000000
      176.8000000000        0.0000000000
      177.6000000000        0.0000000000
      178.4000000000        0.0000000000
      179.2000000000        0.0000000000
      180.0000000000        0.0000000000
      180.8000000000        0.0000000000
      181.6000000000        0.0000000000
      182.4000000000        0.0000000000
      183.2000000000        0.0000000000
      184.0000000000        0.0000000000
      184.8000000000        0.0000000000
      185.6000000000        0.0000000000
      186.4000000000        0.0000000000
      187.2000000000        0.0000000000
      188.0000000000        0.0000000000
      188.8000000000        0.0000000000
      189.6000000000        0.0000000000
      190.4000000000        0.0000000000
      191.2000000000        0.0000000000
      192.0000000000        0.0000000000
      192.8000000000        0.0000000000
      193.6000000000        0.0000000000
      194.4000000000        0.0000000000
      195.2000000000        0.0000000000
      196.0000000000        0.0000000000
      196.8000000000        0.0000000000
      197.6000000000        0.0000000000
      198.4000000000        0.0000000000
      199.2000000000        0.0000000000
      200.0000000000        0.0000000000
      200.8000000000        0.0000000000
      201.6000000000        0.0000000000
      202.4000000000        0.0000000000
      203.2000000000        0.0000000000
      204.0000000000        0.0000000000
      204.8000000000        0.0000000000
      205.6000000000        0.0000000000
      206.4000000000        0.0000000000
      207.2000000000        0.0000000000
      208.0000000000        0.0000000000
      208.8000000000        0.0000000000
      209.6000000000        0.0000000000
      210.4000000000        0.0000000000
      211.2000000000        0.0000000000
      212.0000000000        0.0000000000
      212.8000000000        0.0000000000
      213.6000000000        0.0000000000
      214.4000000000        0.0000000000
      215.2000000000        0.0000000000
      216.0000000000        0.0000000000
      216.8000000000        0.0000000000
      217.6000000000        0.0000000000
      218.4000000000        0.0000000000
      219.2000000000        0.0000000000
      220.0000000000        0.0000000000
      220.8000000000        0.0000000000
      221.6000000000        0.0000000000
      222.4000000000        0.0000000000
      223.2000000000        0.0000000000
      224.0000000000        0.0000000000
      224.8000000000        0.0000000000
      225.6000000000        0.0000000000
      226.4000000000        0.0000000000
      227.2000000000        0.0000000000
      228.0000000000        0.0000000000
      228.8000000000        0.0000000000
      229.6000000000        0.0000000000
      230.4000000000        0.0000000000
      231.2000000000        0.0000000000
      232.0000000000        0.0000000000
      232.8000000000        0.0000000000
      233.6000000000        0.0000000000
      234.4000000000        0.0000000000
      235.2000000000        0.0000000000
      236.0000000000        0.0000000000
      236.8000000000        0.0000000000
      237.6000000000        0.0000000000
      238.4000000000        0.0000000000
      239.2000000000        0.0000000000
      240.0000000000        0.0000000000
      240.8000000000        0.0000000000
      241.6000000000        0.0000000000
      242.4000000000        0.0000000000
      243.2000000000        0.0000000000
      244.0000000000        0.0000000000
      244.8000000000        0.0000000000
      245.6000000000        0.0000000000
      246.4000000000        0.0000000000
      247.2000000000        0.0000000000
      248.0000000000        0.0000000000
      248.8000000000        0.0000000000
      249.6000000000        0.0000000000
      250.4000000000        0.0000000000
      251.2000000000        0.0000000000
      252.0000000000        0.0000000000
      252.8000000000        0.0000000000
      253.6000000000        0.0000000000
      254.4000000000        0.0000000000
      255.2000000000        0.0000000000
      256.0000000000        0.0000000000
      256.8000000000        0.0000000000
      257.6000000000        0.0000000000
      258.4000000000        0.0000000000
      259.2000000000        0.0000000000
      260.0000000000        0.0000000000
      260.8000000000        0.0000000000
      261.6000000000        0.0000000000
      262.4000000000        0.0000000000
      263.2000000000        0.0000000000
      264.0000000000        0.0000000000
      264.8000000000        0.0000000000
      265.6000000000        0.0000000000
      266.4000000000        0.0000000000
      267.2000000000        0.0000000000
      268.0000000000        0.0000000000
      268.8000000000        0.0000000000
      269.6000000000        0.0000000000
      270.4000000000        0.0000000000
      271.2000000000        0.0000000000
      272.0000000000        0.0000000000
      272.8000000000        0.0000000000
      273.6000000000        0.0000000000
      274.4000000000        0.0000000000
      275.2000000000        0.0000000000
      276.0000000000        0.0000000000
      276.8000000000        0.0000000000
      277.6000000000        0.0000000000
      278.4000000000        0.0000000000
      279.2000000000        0.0000000000
      280.0000000000        0.0000000000
      280.8000000000        0.0000000000
      281.6000000000        0.0000000000
      282.4000000000        0.0000000000
      283.2000000000        0.0000000000
      284.0000000000        0.0000000000
      284.8000000000        0.0000000000
      285.6000000000        0.0000000000
      286.4000000000        0.0000000000
      287.2000000000        0.0000000000
      288.0000000000        0.0000000000
      288.8000000000        0.0000000000
      289.6000000000        0.0000000000
      290.4000000000        0.0000000000
      291.2000000000        0.0000000000
      292.0000000000        0.0000000000
      292.8000000000        0.0000000000
      293.6000000000        0.0000000000
      294.4000000000        0.0000000000
      295.2000000000        0.0000000000
      296.0000000000        0.0000000000
      296.8000000000        0.0000000000
      297.6000000000        0.0000000000
      298.4000000000        0.0000000000
      299.2000000000        0.0000000000
      300.0000000000        0.0000000000
