     -100.0000000000        0.0000000000
      -99.2000000000        0.0000000000
      -98.4000000000        0.0000000000
      -97.6000000000        0.0000000000
      -96.8000000000        0.0000000000
      -96.0000000000        0.0000000000
      -95.2000000000        0.0000000000
      -94.4000000000        0.0000000000
      -93.6000000000        0.0000000000
      -92.8000000000        0.0000000000
      -92.0000000000        0.0000000000
      -91.2000000000        0.0000000000
      -90.4000000000        0.0000000000
      -89.6000000000        0.0000000000
      -88.8000000000        0.0000000000
      -88.0000000000        0.0000000000
      -87.2000000000        0.0000000000
      -86.4000000000        0.0000000000
      -85.6000000000        0.0000000000
      -84.8000000000        0.0000000000
      -84.0000000000        0.0000000000
      -83.2000000000        0.0000000000
      -82.4000000000        0.0000000000
      -81.6000000000        0.0000000000
      -80.8000000000        0.0000000000
      -80.0000000000        0.0000000000
      -79.2000000000        0.0000000000
      -78.4000000000        0.0000000000
      -77.6000000000        0.0000000000
      -76.8000000000        0.0000000000
      -76.0000000000        0.0000000000
      -75.2000000000        0.0000000000
      -74.4000000000        0.0000000000
      -73.6000000000        0.0000000000
      -72.8000000000        0.0000000000
      -72.0000000000        0.0000000000
      -71.2000000000        0.0000000000
      -70.4000000000        0.0000000000
      -69.6000000000        0.0000000000
      -68.8000000000        0.0000000000
      -68.0000000000        0.0000000000
      -67.2000000000        0.0000000000
      -66.4000000000        0.0000000000
      -65.6000000000        0.0000000000
      -64.8000000000        0.0000000000
      -64.0000000000        0.0000000000
      -63.2000000000        0.0000000000
      -62.4000000000        0.0000000000
      -61.6000000000        0.0000000000
      -60.8000000000        0.0000000000
      -60.0000000000        0.0000000000
      -59.2000000000        0.0000000000
      -58.4000000000        0.0000000000
      -57.6000000000        0.0000000000
      -56.8000000000        0.0000000000
      -56.0000000000        0.0000000000
      -55.2000000000        0.0000000000
      -54.4000000000        0.0000000000
      -53.6000000000        0.0000000000
      -52.8000000000        0.0000000000
      -52.0000000000        0.0000000000
      -51.2000000000        0.0000000000
      -50.4000000000        0.0000000000
      -49.6000000000        0.0000000000
      -48.8000000000        0.0000000000
      -48.0000000000        0.0000000000
      -47.2000000000        0.0000000000
      -46.4000000000        0.0000000000
      -45.6000000000        0.0000000000
      -44.8000000000        0.0000000000
      -44.0000000000        0.0000000000
      -43.2000000000        0.0000000000
      -42.4000000000        0.0000000000
      -41.6000000000        0.0000000000
      -40.8000000000        0.0000000000
      -40.0000000000        0.0000000000
      -39.2000000000        0.0000000000
      -38.4000000000        0.0000000000
      -37.6000000000        0.0000000000
      -36.8000000000        0.0000000000
      -36.0000000000        0.0000000000
      -35.2000000000        0.0000000000
      -34.4000000000        0.0000000000
      -33.6000000000        0.0000000000
      -32.8000000000        0.0000000000
      -32.0000000000        0.0000000000
      -31.2000000000        0.0000000000
      -30.4000000000        0.0000000000
      -29.6000000000        0.0000000000
      -28.8000000000        0.0000000000
      -28.0000000000        0.0000000000
      -27.2000000000        0.0000000000
      -26.4000000000        0.0000000000
      -25.6000000000        0.0000000000
      -24.8000000000        0.0000000000
      -24.0000000000        0.0000000000
      -23.2000000000        0.0000000000
      -22.4000000000        0.0000000000
      -21.6000000000        0.0000000000
      -20.8000000000        0.0000000000
      -20.0000000000        0.0000000000
      -19.2000000000        0.0000000000
      -18.4000000000        0.0000000000
      -17.6000000000        0.0000000000
      -16.8000000000        0.0000000000
      -16.0000000000        0.0000000000
      -15.2000000000        0.0000000000
      -14.4000000000        0.0000000000
      -13.6000000000        0.0000000000
      -12.8000000000        0.0000000000
      -12.0000000000        0.0000000000
      -11.2000000000        0.0000000000
      -10.4000000000        0.0000000000
       -9.6000000000        0.0000000000
       -8.8000000000        0.0000000000
       -8.0000000000        0.0000000000
       -7.2000000000        0.0000000000
       -6.4000000000        0.0000000000
       -5.6000000000        0.0000000000
       -4.8000000000        0.0000000000
       -4.0000000000        0.0000000000
       -3.2000000000        0.0000000006
       -2.4000000000        0.0000000496
       -1.6000000000        0.0000012168
       -0.8000000000        0.0000083001
        0.0000000000        0.0000157409
        0.8000000000        0.0000083001
        1.6000000000        0.0000012168
        2.4000000000        0.0000000496
        3.2000000000        0.0000000006
        4.0000000000        0.0000000000
        4.8000000000        0.0000000046
        5.6000000000        0.0000003448
        6.4000000000        0.0000074422
        7.2000000000        0.0000497035
        8.0000000000        0.0001175058
        8.8000000000        0.0001090060
        9.6000000000        0.0000435810
       10.4000000000        0.0000524308
       11.2000000000        0.0001002628
       12.0000000000        0.0000655433
       12.8000000000        0.0000482735
       13.6000000000        0.0001549944
       14.4000000000        0.0002743769
       15.2000000000        0.0002713825
       16.0000000000        0.0001886407
       16.8000000000        0.0002409483
       17.6000000000        0.0002946314
       18.4000000000        0.0001645821
       19.2000000000        0.0001202362
       20.0000000000        0.0002843718
       20.8000000000        0.0004810578
       21.6000000000        0.0004797572
       22.4000000000        0.0005389355
       23.2000000000        0.0007002531
       24.0000000000        0.0004686489
       24.8000000000        0.0003379700
       25.6000000000        0.0004608719
       26.4000000000        0.0006954498
       27.2000000000        0.0007257232
       28.0000000000        0.0007826521
       28.8000000000        0.0009747728
       29.6000000000        0.0008653470
       30.4000000000        0.0007344915
       31.2000000000        0.0008876817
       32.0000000000        0.0012120761
       32.8000000000        0.0013715549
       33.6000000000        0.0014696936
       34.4000000000        0.0011574025
       35.2000000000        0.0009632005
       36.0000000000        0.0015389181
       36.8000000000        0.0020430096
       37.6000000000        0.0018827700
       38.4000000000        0.0015840919
       39.2000000000        0.0014686946
       40.0000000000        0.0022882709
       40.8000000000        0.0029198320
       41.6000000000        0.0025661058
       42.4000000000        0.0021900561
       43.2000000000        0.0025015817
       44.0000000000        0.0038264673
       44.8000000000        0.0038150597
       45.6000000000        0.0028742929
       46.4000000000        0.0030733337
       47.2000000000        0.0045228481
       48.0000000000        0.0050950521
       48.8000000000        0.0043220854
       49.6000000000        0.0046809040
       50.4000000000        0.0056357394
       51.2000000000        0.0063384805
       52.0000000000        0.0058183157
       52.8000000000        0.0056215761
       53.6000000000        0.0063022079
       54.4000000000        0.0067271883
       55.2000000000        0.0067974542
       56.0000000000        0.0075026762
       56.8000000000        0.0078681522
       57.6000000000        0.0073938060
       58.4000000000        0.0081234937
       59.2000000000        0.0086166716
       60.0000000000        0.0086351403
       60.8000000000        0.0081300273
       61.6000000000        0.0090471992
       62.4000000000        0.0102433432
       63.2000000000        0.0098724025
       64.0000000000        0.0094889761
       64.8000000000        0.0102694500
       65.6000000000        0.0108891037
       66.4000000000        0.0107491856
       67.2000000000        0.0108553878
       68.0000000000        0.0115425734
       68.8000000000        0.0122855743
       69.6000000000        0.0121349428
       70.4000000000        0.0123729619
       71.2000000000        0.0131487371
       72.0000000000        0.0133978527
       72.8000000000        0.0134024588
       73.6000000000        0.0134290640
       74.4000000000        0.0142936728
       75.2000000000        0.0144894871
       76.0000000000        0.0145972521
       76.8000000000        0.0158429905
       77.6000000000        0.0159473051
       78.4000000000        0.0161280051
       79.2000000000        0.0163421857
       80.0000000000        0.0158896904
       80.8000000000        0.0170493713
       81.6000000000        0.0181951304
       82.4000000000        0.0176628921
       83.2000000000        0.0175610515
       84.0000000000        0.0183961950
       84.8000000000        0.0186067400
       85.6000000000        0.0195009686
       86.4000000000        0.0206561005
       87.2000000000        0.0200470128
       88.0000000000        0.0199254528
       88.8000000000        0.0218032219
       89.6000000000        0.0229574875
       90.4000000000        0.0240540341
       91.2000000000        0.0252346385
       92.0000000000        0.0261377056
       92.8000000000        0.0281018796
       93.6000000000        0.0302814920
       94.4000000000        0.0313480809
       95.2000000000        0.0319670220
       96.0000000000        0.0344058390
       96.8000000000        0.0377794096
       97.6000000000        0.0377015490
       98.4000000000        0.0356610743
       99.2000000000        0.0361524075
      100.0000000000        0.0406932038
      100.8000000000        0.0418931972
      101.6000000000        0.0404029432
      102.4000000000        0.0400923985
      103.2000000000        0.0404731654
      104.0000000000        0.0422617731
      104.8000000000        0.0441144545
      105.6000000000        0.0452746787
      106.4000000000        0.0446564376
      107.2000000000        0.0462254234
      108.0000000000        0.0508551562
      108.8000000000        0.0503113825
      109.6000000000        0.0479373383
      110.4000000000        0.0495685690
      111.2000000000        0.0557652607
      112.0000000000        0.0610332137
      112.8000000000        0.0602834476
      113.6000000000        0.0613395690
      114.4000000000        0.0720351697
      115.2000000000        0.0946203424
      116.0000000000        0.1266426835
      116.8000000000        0.1387680692
      117.6000000000        0.1261865011
      118.4000000000        0.1147361078
      119.2000000000        0.1130830698
      120.0000000000        0.1099819255
      120.8000000000        0.1009799644
      121.6000000000        0.0873775448
      122.4000000000        0.0765912581
      123.2000000000        0.0710842839
      124.0000000000        0.0671264705
      124.8000000000        0.0645318265
      125.6000000000        0.0626185720
      126.4000000000        0.0595386877
      127.2000000000        0.0571844260
      128.0000000000        0.0575821745
      128.8000000000        0.0546897783
      129.6000000000        0.0512599341
      130.4000000000        0.0523166451
      131.2000000000        0.0523928492
      132.0000000000        0.0517896392
      132.8000000000        0.0521030256
      133.6000000000        0.0507263354
      134.4000000000        0.0479972216
      135.2000000000        0.0476528533
      136.0000000000        0.0483763676
      136.8000000000        0.0467365336
      137.6000000000        0.0456075751
      138.4000000000        0.0477790366
      139.2000000000        0.0487547337
      140.0000000000        0.0468853094
      140.8000000000        0.0458224131
      141.6000000000        0.0465026595
      142.4000000000        0.0459833078
      143.2000000000        0.0440304277
      144.0000000000        0.0450119525
      144.8000000000        0.0473865861
      145.6000000000        0.0463710457
      146.4000000000        0.0443668177
      147.2000000000        0.0450296127
      148.0000000000        0.0461598058
      148.8000000000        0.0467037070
      149.6000000000        0.0451379852
      150.4000000000        0.0443424448
      151.2000000000        0.0472800402
      152.0000000000        0.0484574400
      152.8000000000        0.0458100831
      153.6000000000        0.0443037776
      154.4000000000        0.0467627194
      155.2000000000        0.0485251230
      156.0000000000        0.0469143264
      156.8000000000        0.0464938178
      157.6000000000        0.0499616635
      158.4000000000        0.0508094110
      159.2000000000        0.0487738234
      160.0000000000        0.0470767014
      160.8000000000        0.0465293796
      161.6000000000        0.0479729890
      162.4000000000        0.0480343308
      163.2000000000        0.0471676458
      164.0000000000        0.0459361218
      164.8000000000        0.0453851158
      165.6000000000        0.0470802200
      166.4000000000        0.0506371267
      167.2000000000        0.0510945258
      168.0000000000        0.0502348433
      168.8000000000        0.0493876568
      169.6000000000        0.0477216771
      170.4000000000        0.0453638606
      171.2000000000        0.0419758682
      172.0000000000        0.0412563905
      172.8000000000        0.0408673049
      173.6000000000        0.0411051094
      174.4000000000        0.0434817591
      175.2000000000        0.0466627744
      176.0000000000        0.0477745093
      176.8000000000        0.0471641333
      177.6000000000        0.0488721916
      178.4000000000        0.0536197980
      179.2000000000        0.0566294627
      180.0000000000        0.0573278361
      180.8000000000        0.0618235855
      181.6000000000        0.0668306752
      182.4000000000        0.0712978657
      183.2000000000        0.0795198045
      184.0000000000        0.0872000180
      184.8000000000        0.0912750704
      185.6000000000        0.0979360840
      186.4000000000        0.1124977200
      187.2000000000        0.1236485540
      188.0000000000        0.1180707417
      188.8000000000        0.1106206080
      189.6000000000        0.1054291281
      190.4000000000        0.0962580197
      191.2000000000        0.0898812259
      192.0000000000        0.0854645597
      192.8000000000        0.0827113265
      193.6000000000        0.0802013279
      194.4000000000        0.0809513435
      195.2000000000        0.0835793906
      196.0000000000        0.0858425765
      196.8000000000        0.0880219302
      197.6000000000        0.0908027678
      198.4000000000        0.0963106360
      199.2000000000        0.1048501132
      200.0000000000        0.1138758943
      200.8000000000        0.1207529061
      201.6000000000        0.1237859716
      202.4000000000        0.1231723881
      203.2000000000        0.1207463420
      204.0000000000        0.1192074537
      204.8000000000        0.1184627608
      205.6000000000        0.1118760753
      206.4000000000        0.1062624215
      207.2000000000        0.1037505340
      208.0000000000        0.1037682263
      208.8000000000        0.1063138809
      209.6000000000        0.1082473637
      210.4000000000        0.1095756612
      211.2000000000        0.1051830702
      212.0000000000        0.1008485061
      212.8000000000        0.0990904015
      213.6000000000        0.0972900932
      214.4000000000        0.0943715184
      215.2000000000        0.0925141603
      216.0000000000        0.0874876836
      216.8000000000        0.0822042846
      217.6000000000        0.0794838191
      218.4000000000        0.0770646989
      219.2000000000        0.0761242451
      220.0000000000        0.0761828936
      220.8000000000        0.0785318933
      221.6000000000        0.0800701833
      222.4000000000        0.0836916155
      223.2000000000        0.0876962012
      224.0000000000        0.0893412705
      224.8000000000        0.0853798253
      225.6000000000        0.0754732379
      226.4000000000        0.0655289667
      227.2000000000        0.0621124263
      228.0000000000        0.0625817751
      228.8000000000        0.0609148758
      229.6000000000        0.0615618026
      230.4000000000        0.0655928721
      231.2000000000        0.0666447735
      232.0000000000        0.0651620467
      232.8000000000        0.0622875187
      233.6000000000        0.0580202673
      234.4000000000        0.0539923622
      235.2000000000        0.0514535733
      236.0000000000        0.0521164151
      236.8000000000        0.0560669351
      237.6000000000        0.0592907416
      238.4000000000        0.0583134444
      239.2000000000        0.0558870166
      240.0000000000        0.0528571568
      240.8000000000        0.0517280614
      241.6000000000        0.0529032833
      242.4000000000        0.0564709463
      243.2000000000        0.0582939262
      244.0000000000        0.0559750690
      244.8000000000        0.0521679626
      245.6000000000        0.0474439117
      246.4000000000        0.0417672113
      247.2000000000        0.0373106040
      248.0000000000        0.0357993744
      248.8000000000        0.0360494543
      249.6000000000        0.0367211845
      250.4000000000        0.0357165978
      251.2000000000        0.0355953870
      252.0000000000        0.0361132340
      252.8000000000        0.0357166011
      253.6000000000        0.0355181585
      254.4000000000        0.0379827957
      255.2000000000        0.0392151343
      256.0000000000        0.0363975406
      256.8000000000        0.0355407120
      257.6000000000        0.0374183068
      258.4000000000        0.0404760737
      259.2000000000        0.0398235270
      260.0000000000        0.0370936603
      260.8000000000        0.0380287377
      261.6000000000        0.0410256750
      262.4000000000        0.0423021215
      263.2000000000        0.0411497052
      264.0000000000        0.0409468421
      264.8000000000        0.0424400784
      265.6000000000        0.0460884836
      266.4000000000        0.0474147280
      267.2000000000        0.0419718726
      268.0000000000        0.0350469183
      268.8000000000        0.0309967947
      269.6000000000        0.0282829420
      270.4000000000        0.0257863448
      271.2000000000        0.0239215649
      272.0000000000        0.0220689914
      272.8000000000        0.0197664937
      273.6000000000        0.0179897793
      274.4000000000        0.0165448116
      275.2000000000        0.0157313203
      276.0000000000        0.0158026404
      276.8000000000        0.0136238128
      277.6000000000        0.0118072095
      278.4000000000        0.0122290747
      279.2000000000        0.0117044459
      280.0000000000        0.0102402640
      280.8000000000        0.0100212442
      281.6000000000        0.0101299314
      282.4000000000        0.0086644333
      283.2000000000        0.0079047530
      284.0000000000        0.0079289208
      284.8000000000        0.0081478855
      285.6000000000        0.0071497826
      286.4000000000        0.0060062021
      287.2000000000        0.0060626174
      288.0000000000        0.0063522602
      288.8000000000        0.0053351398
      289.6000000000        0.0045468259
      290.4000000000        0.0047002300
      291.2000000000        0.0042770948
      292.0000000000        0.0034725811
      292.8000000000        0.0032546653
      293.6000000000        0.0026876698
      294.4000000000        0.0020257770
      295.2000000000        0.0012435564
      296.0000000000        0.0004437085
      296.8000000000        0.0000710177
      297.6000000000        0.0000041069
      298.4000000000        0.0000000759
      299.2000000000        0.0000000004
      300.0000000000        0.0000000000
