     -100.0000000000        0.0000000000
      -99.2000000000        0.0000000000
      -98.4000000000        0.0000000000
      -97.6000000000        0.0000000000
      -96.8000000000        0.0000000000
      -96.0000000000        0.0000000000
      -95.2000000000        0.0000000000
      -94.4000000000        0.0000000000
      -93.6000000000        0.0000000000
      -92.8000000000        0.0000000000
      -92.0000000000        0.0000000000
      -91.2000000000        0.0000000000
      -90.4000000000        0.0000000000
      -89.6000000000        0.0000000000
      -88.8000000000        0.0000000000
      -88.0000000000        0.0000000000
      -87.2000000000        0.0000000000
      -86.4000000000        0.0000000000
      -85.6000000000        0.0000000000
      -84.8000000000        0.0000000000
      -84.0000000000        0.0000000000
      -83.2000000000        0.0000000000
      -82.4000000000        0.0000000000
      -81.6000000000        0.0000000000
      -80.8000000000        0.0000000000
      -80.0000000000        0.0000000000
      -79.2000000000        0.0000000000
      -78.4000000000        0.0000000000
      -77.6000000000        0.0000000000
      -76.8000000000        0.0000000000
      -76.0000000000        0.0000000000
      -75.2000000000        0.0000000000
      -74.4000000000        0.0000000000
      -73.6000000000        0.0000000000
      -72.8000000000        0.0000000000
      -72.0000000000        0.0000000000
      -71.2000000000        0.0000000000
      -70.4000000000        0.0000000000
      -69.6000000000        0.0000000000
      -68.8000000000        0.0000000000
      -68.0000000000        0.0000000000
      -67.2000000000        0.0000000000
      -66.4000000000        0.0000000000
      -65.6000000000        0.0000000000
      -64.8000000000        0.0000000000
      -64.0000000000        0.0000000000
      -63.2000000000        0.0000000000
      -62.4000000000        0.0000000000
      -61.6000000000        0.0000000000
      -60.8000000000        0.0000000000
      -60.0000000000        0.0000000000
      -59.2000000000        0.0000000000
      -58.4000000000        0.0000000000
      -57.6000000000        0.0000000000
      -56.8000000000        0.0000000000
      -56.0000000000        0.0000000000
      -55.2000000000        0.0000000000
      -54.4000000000        0.0000000000
      -53.6000000000        0.0000000000
      -52.8000000000        0.0000000000
      -52.0000000000        0.0000000000
      -51.2000000000        0.0000000000
      -50.4000000000        0.0000000000
      -49.6000000000        0.0000000000
      -48.8000000000        0.0000000000
      -48.0000000000        0.0000000000
      -47.2000000000        0.0000000000
      -46.4000000000        0.0000000000
      -45.6000000000        0.0000000000
      -44.8000000000        0.0000000000
      -44.0000000000        0.0000000000
      -43.2000000000        0.0000000000
      -42.4000000000        0.0000000000
      -41.6000000000        0.0000000000
      -40.8000000000        0.0000000000
      -40.0000000000        0.0000000000
      -39.2000000000        0.0000000000
      -38.4000000000        0.0000000000
      -37.6000000000        0.0000000000
      -36.8000000000        0.0000000000
      -36.0000000000        0.0000000000
      -35.2000000000        0.0000000000
      -34.4000000000        0.0000000000
      -33.6000000000        0.0000000000
      -32.8000000000        0.0000000000
      -32.0000000000        0.0000000000
      -31.2000000000        0.0000000000
      -30.4000000000        0.0000000000
      -29.6000000000        0.0000000000
      -28.8000000000        0.0000000000
      -28.0000000000        0.0000000000
      -27.2000000000        0.0000000000
      -26.4000000000        0.0000000000
      -25.6000000000        0.0000000000
      -24.8000000000        0.0000000000
      -24.0000000000        0.0000000000
      -23.2000000000        0.0000000000
      -22.4000000000        0.0000000000
      -21.6000000000        0.0000000000
      -20.8000000000        0.0000000000
      -20.0000000000        0.0000000000
      -19.2000000000        0.0000000000
      -18.4000000000        0.0000000000
      -17.6000000000        0.0000000000
      -16.8000000000        0.0000000000
      -16.0000000000        0.0000000000
      -15.2000000000        0.0000000000
      -14.4000000000        0.0000000000
      -13.6000000000        0.0000000000
      -12.8000000000        0.0000000000
      -12.0000000000        0.0000000000
      -11.2000000000        0.0000000000
      -10.4000000000        0.0000000000
       -9.6000000000        0.0000000000
       -8.8000000000        0.0000000000
       -8.0000000000        0.0000000000
       -7.2000000000        0.0000000000
       -6.4000000000        0.0000000000
       -5.6000000000        0.0000000000
       -4.8000000000        0.0000000000
       -4.0000000000        0.0000000000
       -3.2000000000        0.0000000017
       -2.4000000000        0.0000001488
       -1.6000000000        0.0000036505
       -0.8000000000        0.0000249002
        0.0000000000        0.0000472227
        0.8000000000        0.0000249002
        1.6000000000        0.0000036505
        2.4000000000        0.0000001488
        3.2000000000        0.0000000017
        4.0000000000        0.0000000000
        4.8000000000        0.0000000092
        5.6000000000        0.0000006896
        6.4000000000        0.0000148845
        7.2000000000        0.0000994487
        8.0000000000        0.0002372125
        8.8000000000        0.0002501654
        9.6000000000        0.0002136232
       10.4000000000        0.0002222569
       11.2000000000        0.0002316155
       12.0000000000        0.0002234409
       12.8000000000        0.0002313581
       13.6000000000        0.0004225260
       14.4000000000        0.0006200515
       15.2000000000        0.0005725957
       16.0000000000        0.0003758736
       16.8000000000        0.0004236474
       17.6000000000        0.0005260118
       18.4000000000        0.0005490872
       19.2000000000        0.0009841003
       20.0000000000        0.0013297991
       20.8000000000        0.0011964929
       21.6000000000        0.0008681294
       22.4000000000        0.0009318462
       23.2000000000        0.0011221358
       24.0000000000        0.0010170256
       24.8000000000        0.0012151300
       25.6000000000        0.0017517518
       26.4000000000        0.0020445731
       27.2000000000        0.0019098693
       28.0000000000        0.0018415011
       28.8000000000        0.0018311999
       29.6000000000        0.0019748459
       30.4000000000        0.0024791755
       31.2000000000        0.0024887140
       32.0000000000        0.0027813019
       32.8000000000        0.0032791817
       33.6000000000        0.0028218899
       34.4000000000        0.0023595950
       35.2000000000        0.0032093092
       36.0000000000        0.0041377686
       36.8000000000        0.0045732618
       37.6000000000        0.0048311530
       38.4000000000        0.0041132688
       39.2000000000        0.0037414524
       40.0000000000        0.0049143737
       40.8000000000        0.0060113830
       41.6000000000        0.0056834367
       42.4000000000        0.0056009446
       43.2000000000        0.0064119833
       44.0000000000        0.0078160066
       44.8000000000        0.0081605934
       45.6000000000        0.0080435078
       46.4000000000        0.0079145004
       47.2000000000        0.0091949190
       48.0000000000        0.0109778781
       48.8000000000        0.0097560960
       49.6000000000        0.0096027626
       50.4000000000        0.0122632734
       51.2000000000        0.0142770378
       52.0000000000        0.0133962311
       52.8000000000        0.0133613654
       53.6000000000        0.0144079598
       54.4000000000        0.0160367194
       55.2000000000        0.0159142110
       56.0000000000        0.0155008304
       56.8000000000        0.0168917898
       57.6000000000        0.0178719347
       58.4000000000        0.0185118278
       59.2000000000        0.0197694528
       60.0000000000        0.0193793141
       60.8000000000        0.0206940598
       61.6000000000        0.0232971649
       62.4000000000        0.0225896324
       63.2000000000        0.0216421011
       64.0000000000        0.0217731580
       64.8000000000        0.0231761261
       65.6000000000        0.0255870159
       66.4000000000        0.0270754849
       67.2000000000        0.0266930992
       68.0000000000        0.0267394567
       68.8000000000        0.0293635466
       69.6000000000        0.0302917874
       70.4000000000        0.0296384739
       71.2000000000        0.0291278762
       72.0000000000        0.0299009604
       72.8000000000        0.0325511497
       73.6000000000        0.0330780915
       74.4000000000        0.0358764934
       75.2000000000        0.0371355843
       76.0000000000        0.0361047542
       76.8000000000        0.0368661146
       77.6000000000        0.0380760482
       78.4000000000        0.0381630531
       79.2000000000        0.0389622215
       80.0000000000        0.0403308839
       80.8000000000        0.0434688977
       81.6000000000        0.0450226165
       82.4000000000        0.0441223244
       83.2000000000        0.0446553158
       84.0000000000        0.0469855344
       84.8000000000        0.0484708192
       85.6000000000        0.0487003662
       86.4000000000        0.0491488179
       87.2000000000        0.0512167367
       88.0000000000        0.0537285182
       88.8000000000        0.0554642117
       89.6000000000        0.0578586019
       90.4000000000        0.0628243138
       91.2000000000        0.0644476205
       92.0000000000        0.0643006817
       92.8000000000        0.0707047955
       93.6000000000        0.0750221519
       94.4000000000        0.0745637786
       95.2000000000        0.0773472800
       96.0000000000        0.0877316184
       96.8000000000        0.0948199513
       97.6000000000        0.0914137082
       98.4000000000        0.0872545019
       99.2000000000        0.0908582538
      100.0000000000        0.0985635263
      100.8000000000        0.1009283543
      101.6000000000        0.1034752928
      102.4000000000        0.1054646036
      103.2000000000        0.1064508208
      104.0000000000        0.1103741574
      104.8000000000        0.1164155675
      105.6000000000        0.1221544231
      106.4000000000        0.1250587631
      107.2000000000        0.1327631832
      108.0000000000        0.1430682742
      108.8000000000        0.1445979859
      109.6000000000        0.1450206980
      110.4000000000        0.1542984880
      111.2000000000        0.1622952151
      112.0000000000        0.1682267584
      112.8000000000        0.1769089538
      113.6000000000        0.1901926702
      114.4000000000        0.2090819215
      115.2000000000        0.2525171350
      116.0000000000        0.3196022810
      116.8000000000        0.3537305341
      117.6000000000        0.3421496211
      118.4000000000        0.3260429178
      119.2000000000        0.3205705647
      120.0000000000        0.3213063167
      120.8000000000        0.3171825786
      121.6000000000        0.3039509018
      122.4000000000        0.2895650133
      123.2000000000        0.2870761544
      124.0000000000        0.2874674628
      124.8000000000        0.2935276475
      125.6000000000        0.3002032394
      126.4000000000        0.3037744856
      127.2000000000        0.3152676818
      128.0000000000        0.3144459355
      128.8000000000        0.2953790327
      129.6000000000        0.2911096685
      130.4000000000        0.2918395254
      131.2000000000        0.2817265489
      132.0000000000        0.2825907413
      132.8000000000        0.2946538449
      133.6000000000        0.2930776693
      134.4000000000        0.2882619956
      135.2000000000        0.3006450092
      136.0000000000        0.3181459240
      136.8000000000        0.3269191409
      137.6000000000        0.3359783535
      138.4000000000        0.3476400023
      139.2000000000        0.3556178242
      140.0000000000        0.3529950600
      140.8000000000        0.3515448236
      141.6000000000        0.3690716468
      142.4000000000        0.3856665086
      143.2000000000        0.3878099445
      144.0000000000        0.3926338141
      144.8000000000        0.4036811489
      145.6000000000        0.4257723946
      146.4000000000        0.4404770482
      147.2000000000        0.4492593353
      148.0000000000        0.4640579897
      148.8000000000        0.4912058045
      149.6000000000        0.5079769620
      150.4000000000        0.5173940549
      151.2000000000        0.5380898280
      152.0000000000        0.5576381277
      152.8000000000        0.5610242636
      153.6000000000        0.5611232877
      154.4000000000        0.5632641736
      155.2000000000        0.5754105642
      156.0000000000        0.5864365650
      156.8000000000        0.6080276677
      157.6000000000        0.6644838952
      158.4000000000        0.7233475229
      159.2000000000        0.7519289184
      160.0000000000        0.7775369682
      160.8000000000        0.7991823955
      161.6000000000        0.7853757314
      162.4000000000        0.7633987031
      163.2000000000        0.7346204615
      164.0000000000        0.7033760830
      164.8000000000        0.6811304650
      165.6000000000        0.6679411866
      166.4000000000        0.6634332518
      167.2000000000        0.6620082438
      168.0000000000        0.6633434677
      168.8000000000        0.6781237651
      169.6000000000        0.6791081145
      170.4000000000        0.6618981075
      171.2000000000        0.6535905077
      172.0000000000        0.6680361072
      172.8000000000        0.6749496226
      173.6000000000        0.6624098225
      174.4000000000        0.6628457142
      175.2000000000        0.6745565740
      176.0000000000        0.6580298408
      176.8000000000        0.6254150169
      177.6000000000        0.6135377853
      178.4000000000        0.6198131091
      179.2000000000        0.6280773889
      180.0000000000        0.6297193367
      180.8000000000        0.6225102471
      181.6000000000        0.6188502299
      182.4000000000        0.6232759445
      183.2000000000        0.6352115037
      184.0000000000        0.6364034954
      184.8000000000        0.6352516879
      185.6000000000        0.6463896812
      186.4000000000        0.6589562634
      187.2000000000        0.6690688768
      188.0000000000        0.6590781361
      188.8000000000        0.6441462736
      189.6000000000        0.6450119104
      190.4000000000        0.6539975588
      191.2000000000        0.6608071549
      192.0000000000        0.6593697537
      192.8000000000        0.6618525263
      193.6000000000        0.6690664979
      194.4000000000        0.6687006505
      195.2000000000        0.6471961359
      196.0000000000        0.6347682935
      196.8000000000        0.6320978902
      197.6000000000        0.6252136609
      198.4000000000        0.6266661001
      199.2000000000        0.6424136715
      200.0000000000        0.6766661240
      200.8000000000        0.6978116286
      201.6000000000        0.7077597323
      202.4000000000        0.7091862716
      203.2000000000        0.6970389612
      204.0000000000        0.6777897788
      204.8000000000        0.6556059455
      205.6000000000        0.6328920459
      206.4000000000        0.6210693840
      207.2000000000        0.6183382085
      208.0000000000        0.6180255925
      208.8000000000        0.6211198554
      209.6000000000        0.6094663722
      210.4000000000        0.5955808878
      211.2000000000        0.5856219289
      212.0000000000        0.5812450850
      212.8000000000        0.5906492438
      213.6000000000        0.5878299566
      214.4000000000        0.5804668072
      215.2000000000        0.5877488940
      216.0000000000        0.5979092662
      216.8000000000        0.5959087692
      217.6000000000        0.5761235251
      218.4000000000        0.5536023397
      219.2000000000        0.5314507701
      220.0000000000        0.5162739791
      220.8000000000        0.5238761549
      221.6000000000        0.5243959063
      222.4000000000        0.5167808064
      223.2000000000        0.4874638780
      224.0000000000        0.4503646260
      224.8000000000        0.4265984387
      225.6000000000        0.4067379210
      226.4000000000        0.3761937312
      227.2000000000        0.3517280377
      228.0000000000        0.3457791661
      228.8000000000        0.3453811639
      229.6000000000        0.3299884590
      230.4000000000        0.3030258699
      231.2000000000        0.2914453265
      232.0000000000        0.3029595072
      232.8000000000        0.3095030598
      233.6000000000        0.2980353955
      234.4000000000        0.3003326717
      235.2000000000        0.3109919710
      236.0000000000        0.3117269751
      236.8000000000        0.3090193349
      237.6000000000        0.3046030585
      238.4000000000        0.2940054266
      239.2000000000        0.2781275736
      240.0000000000        0.2627226640
      240.8000000000        0.2479119676
      241.6000000000        0.2317459905
      242.4000000000        0.2196974471
      243.2000000000        0.2057998278
      244.0000000000        0.1956190710
      244.8000000000        0.1856787079
      245.6000000000        0.1735300399
      246.4000000000        0.1599730381
      247.2000000000        0.1480379165
      248.0000000000        0.1446045962
      248.8000000000        0.1404989288
      249.6000000000        0.1352125497
      250.4000000000        0.1299359966
      251.2000000000        0.1311316710
      252.0000000000        0.1362756099
      252.8000000000        0.1458709453
      253.6000000000        0.1524286603
      254.4000000000        0.1531269622
      255.2000000000        0.1441886299
      256.0000000000        0.1103469920
      256.8000000000        0.0727141275
      257.6000000000        0.0581149727
      258.4000000000        0.0560252608
      259.2000000000        0.0519708133
      260.0000000000        0.0447267281
      260.8000000000        0.0410211006
      261.6000000000        0.0415546505
      262.4000000000        0.0423361104
      263.2000000000        0.0411504131
      264.0000000000        0.0409468466
      264.8000000000        0.0424400784
      265.6000000000        0.0460884836
      266.4000000000        0.0474147280
      267.2000000000        0.0419718726
      268.0000000000        0.0350469183
      268.8000000000        0.0309967947
      269.6000000000        0.0282829420
      270.4000000000        0.0257863448
      271.2000000000        0.0239215649
      272.0000000000        0.0220689914
      272.8000000000        0.0197664937
      273.6000000000        0.0179897793
      274.4000000000        0.0165448116
      275.2000000000        0.0157313203
      276.0000000000        0.0158026404
      276.8000000000        0.0136238128
      277.6000000000        0.0118072095
      278.4000000000        0.0122290747
      279.2000000000        0.0117044459
      280.0000000000        0.0102402640
      280.8000000000        0.0100212442
      281.6000000000        0.0101299314
      282.4000000000        0.0086644333
      283.2000000000        0.0079047530
      284.0000000000        0.0079289208
      284.8000000000        0.0081478855
      285.6000000000        0.0071497826
      286.4000000000        0.0060062021
      287.2000000000        0.0060626174
      288.0000000000        0.0063522602
      288.8000000000        0.0053351398
      289.6000000000        0.0045468259
      290.4000000000        0.0047002300
      291.2000000000        0.0042770948
      292.0000000000        0.0034725811
      292.8000000000        0.0032546653
      293.6000000000        0.0026876698
      294.4000000000        0.0020257770
      295.2000000000        0.0012435564
      296.0000000000        0.0004437085
      296.8000000000        0.0000710177
      297.6000000000        0.0000041069
      298.4000000000        0.0000000759
      299.2000000000        0.0000000004
      300.0000000000        0.0000000000
